294.45033537083975
209.97618912629116
341.5391632009424
228.5475880424031
239.57671005337727
190.07893097342483
291.3211286535874
109.32977636490436
262.23081436017395
137.00364958642524
153.80507143784303
118.59595271340417
77.64663547121665
287.6803781977492
314.72051092993604
302.2002647252315
293.21152774063984
245.70307283385773
295.2371927789587
86.03487664894976
161.27616066858735
339.91175325369375
328.3245345690754
172.07265907168403
342.3448553724738
207.53794833716555
341.4395993437199
104.04806581575652
254.4425278918601
241.75400720567177
362.17813296774284
272.69396766338633
214.11212016137713
214.18916872708573
164.64810961562844
319.2882710028666
302.3673262771624
85.492689745966
239.92707225321615
142.08800090085018
191.9088325221119
292.54230463302224
118.84864324004712
80.4114419718985
270.4163456597992
253.41073379002714
186.26862323000083
172.246915792417
308.7021217938095
52.92447448959697
149.05368160498418
310.38202267528317
55.47071299343465
262.3909297212844
64.8459713474939
112.80514172678478
73.33484846919642
202.23748416156684
293.97278785629123
251.05577069647293
351.6887828748594
91.83681179135085
96.25487000666512
221.14474897677312
257.1089263327899
273.73892671668017
251.07170290576354
280.0285699709942
237.47420912595962
175.86358349584486
377.07956720034565
161.75598906995685
315.69130491668597
129.6919426949878
247.63077353188558
249.51352668743232
213.283848427395
109.62207806824317
376.2472591262294
163.24827717314508
186.96791168540125
116.72617529928752
325.7376244771242
270.06665843824555
244.62420158275427
321.6037935099647
302.15393427853957
149.03690818049066
352.6471324142591
268.5609800399157
312.65636088203934
285.78663369723927
282.3473038652928
363.72792029207767
255.0
372.6459445640057
200.7436175822285
42.5205832509386
151.16877984557524
192.91708063310517
141.15594213493105
200.9975124224178
218.08255317654368
169.00887550658396
364.5517795869333
358.35736353534026
151.60804727981954
194.164878389476
127.88275880665071
110.0
217.70622407271685
364.5600087777045
95.42536350467836
241.9008061168875
102.20078277586722
256.1347301714471
114.49017425089369
220.51077071199947
173.25414857947845
268.81220210399675
301.14448359549937
261.27571643763605
187.6406139405859
169.95587662684687
329.73474187595093
192.5850461484484
214.15881957089695
263.928020490436
322.41588050218616
159.66527487215245
206.7849124090053
396.82867839912984
144.84474446799925
76.15773105863909
304.86718419665965
60.166435825965294
368.45759593201495
272.35454833727306
261.0383113644432
291.247317584214
221.81523843054606
243.9938523815713
124.4869471069156
321.0809866684728
214.1611542740653
106.51291001564083
341.2110783664563
285.02982300103264
73.79024325749306
246.82990094394967
214.96511344867102
288.9169430822637
197.08373854785685
88.54942122905152
44.41846462902562
118.15244390193544
130.13838787997952
76.79192665899195
270.9778588741154
366.8596461863856
209.85947679340097
272.45917125323564
78.5175139698144
51.478150704935004
353.7711124441904
89.44271909999159
204.27677303110113
302.6962173533062
325.4796460610095
211.4426636230257
180.18878988438766
273.02930245671433
317.2459613612126
232.3316594870359
288.39036044916617
262.4690457939755
116.84177335182824
204.35263639111682
337.5233325268047
188.53381659532593
87.93179174792243
279.06450867138227
253.24296633865274
178.35358140502814
316.45694809878955
214.75800334329801
188.43035848822237
180.05554698481245
202.94087809014724
278.0017985553331
176.24131184259835
360.90164865237176
261.3446000972662
147.70917371646217
168.1903683330291
213.00234740490538
291.97260145431454
134.16407864998737
394.9240433298535
274.10399486326355
173.44163283364233
272.237029075767
59.07622195096772
239.9416595758227
281.6256380374486
135.95587519485872
341.6021077218348
347.8764148372235
194.87944991712183
308.6907837950463
114.0570032922135
251.5909378336191
237.49736840647307
225.61028345356956
263.1539473388153
392.3111010409978
371.9408555133464
277.2435752186153
283.3866616480035
360.30265055922087
256.2225595063791
228.08989455914087
267.8600380795911
250.4595775769016
161.60754932861275
337.3558951611784
169.07099100673656
91.21403400793103
98.48857801796105
179.47701802737865
246.01829200285087
306.86316168611705
294.15132160165456
171.9912788486672
299.5279619668254
247.1639132235934
111.7899816620434
284.5241641759097
218.8355546980426
139.01438774457844
223.14345161801185
285.9178203610261
312.3283528596147
302.48305737677276
242.32416305436814
168.61791126686393
94.11163583744573
232.43278598338918
128.15615474880636
287.4456470360962
115.13470371699404
317.98270393214784
349.6870029040256
349.0
278.4259327002426
290.82640870457413
84.77027781009096
278.4690287985362
151.7003625572464
366.5023874410643
305.1376738457577
72.09022125087424
291.0463880552377
76.57675887630658
290.25850547399983
287.3882391469769
203.57799488156869
186.07794065928394
260.547500467765
274.85450696686786
86.83893136145792
139.20488497175666
190.06577808748213
90.13878188659973
293.07336965340266
296.096268129134
251.09759058979438
301.56922919953223
281.4693589007514
167.0269439342048
258.5207922005501
333.54160160315837
341.90057034172963
125.7179382586272
147.18695594379278
208.7414668914636
277.1461708196597
215.82400237230334
11.180339887498949
168.1814496310458
262.4137953690697
222.17335573826128
192.89893727027115
266.101484400219
177.05366418123066
179.7386992275175
176.86718180600946
254.16726775885206
83.02409288875127
158.02847844613325
112.8716084761797
119.03780911962384
218.3231549790356
324.13885913293393
142.61135999632006
264.8018126826174
346.8083043988422
185.06485349736184
184.54809671194118
83.02409288875127
84.31488599292535
272.34720486907884
270.31278179176064
207.27035485085656
127.1416532848303
229.63013739489858
332.6048706799105
288.5619517538652
300.83217912982644
138.2208377922808
190.3943276465977
123.00406497347964
347.60034522422444
218.908656749796
325.33828548143543
342.24260401066374
212.9530464679949
180.93645293306707
270.66215102965543
207.18349355100662
306.54363474063524
111.31936040060597
327.55152266475574
109.20164833920778
118.70130580579136
313.0814590485997
139.77839604173457
219.4196891803468
276.56825558982723
192.35384061671346
304.89670381950674
309.23292192132453
378.6304266695956
223.4323163734378
296.3258341758275
259.4937378820537
74.14849964766651
294.25329225006135
311.4819416916493
337.6166465090251
115.80155439371269
352.14201680572
169.00295855398508
324.2298567374695
356.29903171353135
142.1442928857856
186.72439583514523
363.8488697247801
383.344492591194
280.6439024814186
291.61961525247233
30.479501308256342
193.86851214160592
349.1847648452034
156.46085772486356
232.64780248263682
218.6343980255623
70.3420215802759
324.6783023240081
276.21187519728403
290.9450119868014
253.02371430362015
132.00378782444085
305.7907781474124
259.7306296916095
243.03291958086666
143.85061696079026
116.84605256490268
55.31726674375732
90.35485598461214
83.6301381082203
206.93235609734887
233.03433223454437
306.0669861321211
275.26351011349107
34.0147027033899
376.89388426983
120.41594578792295
273.87953556262653
318.64243283028077
296.98484809834997
286.53097563788805
201.00995000248122
312.40518561637225
383.40709435272584
202.8324431643025
301.4796842243271
275.5358415887124
342.8308620879981
164.9151296879701
171.2337583538947
284.91753192810023
356.4828186603107
211.00947846009194
61.29437168288782
292.4414471308744
62.03224967708329
153.88307249337075
321.4793928076884
214.21717951648975
288.44410203711914
163.5726138447387
105.22357150372724
367.76351096866586
310.55595309058236
277.41665415039523
268.4641503068892
12.529964086141668
153.39491516996253
275.52313877422347
165.07574019219177
274.9727259202265
165.75886099994776
264.9396157617807
212.47352776287215
357.7373338079211
245.58908770545975
205.6428943581567
292.4739304621867
211.24866863485792
116.46887996370532
416.4912964276685
268.48649872945197
382.9529997271206
87.66413177577246
294.7032405658275
258.7682360723588
162.69296235547498
282.8992753613908
344.379151517626
235.28705871764387
257.0933682536366
296.99831649354513
316.7917296900284
388.8200097731597
249.14654322305978
300.04333020415567
257.18670261115756
282.3118842698621
274.9127134200963
289.4563870430224
190.3785702225962
130.728726758888
83.48652585896721
146.16771189288008
160.3652081967906
383.74210089590116
357.49825174397705
119.23925528113634
103.24727599312246
316.9006153354708
281.04270138183625
340.7946595825703
222.39604313026794
158.927656498169
252.00198411917316
249.23081671414553
292.03082029128365
269.21552704106796
131.4838393111488
122.78436382536663
389.07325788339654
271.22868579853423
276.29332239487803
196.08416560242696
210.05237442123808
284.01584462842914
198.1136037731887
237.0590643700426
178.35358140502814
287.8419705324434
203.3051893090779
255.89450951515158
242.52834885843757
305.8954069612684
136.6821129482567
155.7080601638849
334.5205524328812
136.56500283747664
97.75479527879949
288.0624932197873
258.10269274069964
356.72117963473937
242.99176940793694
297.9681191000138
177.7667010438119
279.6354770053328
286.66705426330384
243.70473938764508
93.47726996441435
273.1977305908671
195.78048932414077
240.8422720371156
315.2459357390671
96.25487000666512
263.751777245197
121.19818480488888
173.5396208362805
299.88331063932185
294.0017006753532
290.5942188000305
195.4328529188478
178.87705274852894
151.82226450688975
256.1640099623677
301.51782700198675
150.23315213360866
205.00975586542216
138.52075656738234
208.806130178211
196.4001018329675
180.87841220001906
253.12447530809817
251.5094431626773
292.3696290656743
321.38606068092
103.3537614216338
169.19810873647495
146.2942240828393
98.3107318658548
202.19297712828703
309.4721312170128
253.3081127796739
269.53478439711637
304.4010512465422
300.1666203960727
326.0199380406051
192.52012881774206
211.482859825566
229.36869882353173
146.44111444536333
270.4163456597992
276.40730815229904
176.5106229097841
91.92388155425118
286.67751917442007
145.27904184706065
260.37665025881256
277.1028689855087
198.92712233378333
299.0819285747636
293.55749011054036
96.89685237405806
405.49845869004236
114.56002793295748
214.00934559032697
343.3729750577351
152.0690632574555
190.51771571168914
285.3944638566067
326.7414880299103
169.92056967889437
302.59709185648165
346.4476872487389
250.79274311670184
249.13048789740688
412.98910397248983
188.52055590836773
188.36666371733614
179.4017837146554
204.47493733951845
274.3902330623304
311.20411308335883
249.56962956257317
230.7834482799839
46.010868281309364
234.0
121.45781160551181
330.47995400629065
293.9200571584049
147.2311108427835
283.0017667789373
243.402958075698
284.29737951659
180.06943105369106
262.1945842308723
366.54194848611803
242.62110378118388
273.6220020393097
238.42189496772312
102.00490184299969
231.14064982170487
322.2700730753633
218.40329667841556
326.03834130359576
266.9082239272518
263.3723599772763
242.47061677654884
51.62363799656123
241.2343259156955
238.90793205751876
204.7266470198738
132.01893803541975
225.81851119870575
142.79005567615695
70.9365914038728
174.34735443934903
333.12159941979144
232.65854809140367
157.4357011608231
102.12247548899312
62.0966987850401
202.6079958935481
246.272207120495
209.34421415458323
156.5790535161073
243.85241438214223
145.34441853748632
272.40594707164524
178.30591689565435
310.4851043125902
125.63439019631528
316.07752213657966
125.63439019631528
57.97413216254298
150.45597362683876
39.293765408777
240.67405344157896
104.06248123122954
336.8827689271151
95.46203433826454
264.1968962724581
358.60284438358826
156.82155464093577
321.5618136533006
241.4560001325293
261.2278698760911
157.95252451290546
380.48915884687176
324.7214190656354
277.02707448911923
372.5922704512266
372.71570935499886
133.18408313308313
76.6550715869472
273.6512378923216
277.8488797889961
260.6338427756457
253.02371430362015
220.51077071199947
320.0624938976762
294.7490457999822
233.02574965011914
402.3493506891741
235.84104816592043
173.9683879329805
270.3849108215915
339.1872639118397
243.00205760445732
284.8596145472362
181.1573901335521
135.83077707206124
268.4641503068892
251.40007955448223
298.3186216111894
302.3722870899382
127.58134659894448
94.04786015641186
67.446274915669
142.0211251891774
269.2582403567252
57.0350769263968
271.1180554666177
231.66354913969525
294.06461874900896
149.093930124603
296.1384811198977
344.81589290518497
159.02829936838285
207.76188293332345
319.52464693666434
158.14550262337528
243.61444948935193
54.3323108288245
317.05046916855366
262.48809496813374
359.4022815731698
327.8673512260713
199.15069670980316
309.6078164387973
97.8008179924892
266.9082239272518
200.30227157973022
268.15667062372324
257.59852484049674
291.08418026406036
241.03319273494262
263.53178176455305
299.8132752230961
283.14837100008185
252.40047543536838
66.48308055437865
100.0
193.68014869882768
261.895017134729
149.26486525636233
302.768888758406
220.32702966272657
309.5109044928789
208.06249061279644
278.9928314491252
113.99122773266372
152.11837495845134
116.73045875006231
179.27074496414633
143.60013927569847
155.64703659241314
358.5080194361069
232.44139046219803
235.35929979501554
271.8124353299532
203.59273071502332
87.00574693662483
89.35882720806042
298.328677803526
98.3107318658548
398.8984833262719
149.8966310495336
208.806130178211
276.4489102890442
414.4514446832101
213.03755537463343
147.24808997063425
303.70544940781025
269.0315966573443
224.01785643113362
260.86394921491166
288.6693610343848
57.38466694161429
278.7418160233588
180.8535318980528
120.93386622447825
166.1836333698358
208.88752954640447
143.75326083258076
295.87328368745966
332.2559254550624
256.3454700204394
351.728588545202
79.81227975693966
139.26952286842948
255.8378392654222
379.45487215214405
214.67417171145672
279.7284397411175
284.67525357852935
75.8023746329889
291.92636057745796
264.7508262498911
84.1486779456457
131.89389675038038
320.0390601161052
283.8626428398073
254.02362094891885
148.49915824677257
271.8308297452664
341.7206461424302
182.43354954612926
236.60304309116566
271.189970316013
220.0295434708712
212.61467494037188
219.71800108320664
382.2800020927069
298.2029510249689
241.84705910967782
183.1829686406463
229.10696191953662
306.4000652741445
304.23839336941023
414.42490272665805
238.51624682608102
240.28524715429367
139.29106216839614
224.05802819805407
141.38246001537814
212.8497122384712
238.29603437741048
265.73106705840775
225.6213642366343
133.5065541462291
235.77107541002565
88.20430828479978
201.12185361118767
107.56393447619885
288.76461001999536
292.95904150580503
267.72560579817537
333.9296333061802
278.5139134765084
240.96887765850593
258.63101128828305
293.97278785629123
233.85465571589546
111.35977729862789
51.73973328110612
395.13541982464693
280.3212442894758
236.81216184985095
150.72159765607583
314.4932431706602
333.63602922945836
140.75865870347016
156.52475842498527
202.5487595617411
344.81589290518497
277.2183255125822
266.48076853686837
94.02127418834527
204.83163818121457
8.06225774829855
321.2039850313193
342.4675167077894
261.22212769977966
152.86922515666782
229.5059912072014
146.2087548678259
300.4330208216134
209.15305400591214
185.77943912069495
291.20782956507196
241.66091947189145
226.33824246026123
221.50395030337495
304.2433236736675
236.68122020980033
210.54453210663058
109.87720418721983
216.45553815968765
299.8132752230961
363.63718181726136
293.51831288694746
203.35437049643167
337.50407404948464
214.78593994952277
312.70753108935514
308.1330881291394
241.56986567036876
58.69412236331676
246.2051989702898
321.86487848163864
366.8092147152249
330.9380606699689
60.29925372672534
263.68541863364385
185.80904176062046
342.9577233421052
298.0151002885592
123.71337841963576
107.35455276791944
253.21137415211032
276.84652788142387
299.2072860075436
91.40021881811882
285.17538463198395
340.1132164441717
158.06960492137634
254.46610776290032
304.02960382173313
143.10835055998655
300.1016494456503
341.9897659287482
167.72596698186004
245.63794495150785
195.5019181491578
118.82760622010359
171.9447585708852
182.53766734567415
242.7055829600959
226.27637967759694
300.6825568602209
95.13148795220224
143.50261321662404
60.41522986797286
292.0633492925807
139.26952286842948
285.78663369723927
98.08159868191383
320.22023671217283
138.43771162512041
263.07793522072507
243.50770008359078
224.84883811129646
107.07474025184464
228.60008748904713
215.72436116489024
166.48123017325406
278.29840100151495
278.4546641735419
182.21415971323415
257.76927667974707
290.30328968167066
346.49386718959397
63.89053137985315
175.55910685578235
101.31633629380802
193.13207915827965
226.92069099136816
266.7002062241422
227.705950734714
371.47409061736727
199.2786993132984
215.10230124292022
211.85136298829894
161.00310556011024
256.28499761008254
274.2571785751469
177.0706073858674
315.8496477756466
238.0021008310641
252.41434190631878
139.30183056945089
57.0087712549569
176.38594048279472
284.5698508275253
224.34125790857107
289.38037252032143
284.39760899135564
240.16869071550522
283.6987839240768
282.630500831032
98.2700361249552
108.77959367454909
259.61509971494337
299.90831932442285
260.5724467398654
408.1041533726409
183.89671013914307
140.29255147726127
298.3236497497307
281.55638866841576
408.27074350239695
297.1060416753587
280.515596714336
139.7855500400524
282.39688383549844
156.0833110873805
214.66252583997982
259.46483384073457
52.630789467763066
75.50496672405067
264.5789107241921
320.6555784638714
133.33041663476493
343.71208881853426
258.21309029559285
301.4780257332199
121.49485585818027
209.89759407863636
393.2429274634192
189.274932307477
292.3850201361212
235.8495283014151
368.4806643502478
290.26367323521555
159.45218719101973
319.7577207824699
239.45354455509738
254.566297847928
250.4096643502403
224.53952881397075
295.01525384291574
374.8092848369688
245.0979396078229
286.9006796785257
338.6620734596657
287.0836115141371
335.87199942835366
293.4655005277452
274.9127134200963
59.413803110051795
202.35859260234045
219.23731434224422
299.84329240454923
323.3032632065442
258.18210627384695
236.32393023136697
253.64739304790814
256.81510858981795
195.88006534611938
257.73047937719747
162.69296235547498
315.97784732477686
171.14321488157222
292.5884481656786
229.38613733179255
272.2443755158222
328.7324139782994
30.265491900843113
344.6810119516304
